posx=-0.257
posy=0.684
posz= -4.049
rotx=359.161
roty= 7.916698
rotz=0.8466685